a <-
c(0.824848220711877, 0.449040119569514, 0.629053446970699, 0.475095778346057, 
0.891534368610663, 0.918798438214527, 0.67053669933778, 0.390442235153488, 
0.0509188047411831, 0.445209404710991, 0.796538373659894, 0.00236462716221335, 
0.633992275739513, 0.98116032118023, 0.837796598918158, 0.813337697659465, 
0.878576501162094, 0.977450732497498, 0.0168003020265293, 0.611008281132271, 
0.502707273000905, 0.34366417377317, 0.665657636398963, 0.874637359702117, 
0.584108303484222, 0.087207606599643, 0.904118263764487, 0.965686355304393, 
0.928389793266082, 0.416267041183478, 0.252431805074716, 0.0872191027975429, 
0.00896256197742836, 0.429161345912909, 0.961298241618405, 0.833417328163764, 
0.607861982939218, 0.0293685318872412, 0.84315073471182, 0.689723348984869, 
0.720792320704687, 0.919059452852678, 0.743979400757325, 0.399759227173588, 
0.556528047052113, 0.193340960058432, 0.394332445708332, 0.950211205157885, 
0.880787899610941, 0.569805131824229, 0.876015207072763, 0.520030470091967, 
0.624546072951843, 0.340723996731783, 0.781545745585048, 0.167370561479006, 
0.754396270877247, 0.201125774447699, 0.654755265353714, 0.453867549090462, 
0.472817038447466, 0.915968003511457, 0.457694351946879, 0.380625782161805, 
0.603812451931162, 0.579850679105568, 0.632730607454132, 0.136019239445419, 
0.138041451287112, 0.142690408243505, 0.787665489600584, 0.133410384638681, 
0.99341121068793, 0.936405780606372, 0.934935481936969, 0.0579548632156238, 
0.522155913871079, 0.0632551663705085, 0.430785983149879, 0.985669691631467, 
0.226789552500966, 0.102076839745532, 0.335595582510248, 0.405381505903922, 
0.643540102927812, 0.150156958046999, 0.490246165813889, 0.510503074594048, 
0.0670121973794302, 0.0630485568987238, 0.491191378605803, 0.798447984812219, 
0.947473983811144, 0.542532596357034, 0.35682528230755, 0.351176789257792, 
0.894398776565562, 0.992065332532934, 0.450587444188696, 0.0848071156892981, 
0.787893776329442, 0.28934863802457, 0.328082957458595, 0.0131302037930274, 
0.333800967546888, 0.647685286003174, 0.895760095418378, 0.480534735681372, 
0.976898115737312, 0.173982368163749, 0.862745171669903, 0.766015793154515, 
0.754707207309556, 0.843133658221263, 0.607785264757804, 0.721892482633117, 
0.367359320581088, 0.741045681187861, 0.0770353135266442, 0.760921378914765, 
0.725928787254192, 0.257253988649334, 0.987459951363218, 0.815196231464573, 
0.866964795165464, 0.102395183326277, 0.564031173168965, 0.00416525723592646, 
0.175676848325089, 0.458923757641371, 0.264540745408327, 0.384844316564361, 
0.279412340577534, 0.593718458473837, 0.0399844466249476, 0.681597287389421, 
0.672779521782635, 0.489080848916185, 0.421887351234191, 0.186545490217728, 
0.380469080976593, 0.564356410584339, 0.767211703977337, 0.338818031702555, 
0.330115053933353, 0.476214833507021, 0.726594827388445, 0.585181737658122, 
0.284990807872824, 0.830259198516933, 0.497460643386565, 0.0883366699218012, 
0.0891144914653315, 0.136094204330532, 0.916214150933736, 0.548767665353299, 
0.944078761183955, 0.554055959700578, 0.804325076400142, 0.761185621318748, 
0.686065096823324, 0.749569938775872, 0.0770159401476403, 0.690238549475864, 
0.755230441524312, 0.589042121047549, 0.947029223166101, 0.470462978183524, 
0.0209887197022509, 0.432658445187004, 0.207443897827248, 0.475721754162313, 
0.992451777931927, 0.964258092391586, 0.0452767309298865, 0.254339353482121, 
0.435548029933622, 0.537645479363725, 0.161157505651126, 0.78428396341586, 
0.689229491195893, 0.961245025205381, 0.520923051741153, 0.653375612935438, 
0.67389190433943, 0.232152686068136, 0.823821573421655, 0.816918275137228, 
0.0805808230709003, 0.137779404311299, 0.282796521801846, 0.725111708507276, 
0.246353548312446, 0.169368397525846, 0.634921153094763, 0.0312575346351235, 
0.502204451643627, 0.442671897086547, 0.835620959794634, 0.41607772874517, 
0.910794147158622, 0.00936093618112477, 0.600496937095599, 0.452985547753779, 
0.724764843086107, 0.86431623063606, 0.827789639926134, 0.896185865576759, 
0.593738598352, 0.223770632161297, 0.194321932906505, 0.380303810109915, 
0.817705285129154, 0.842647441609197, 0.593190807769235, 0.291927349839682, 
0.26851142036349, 0.656349997856798, 0.181658432861242, 0.394863108335401, 
0.696454477088086, 0.17344464483951, 0.629162147741028, 0.724226978140162, 
0.975416502200315, 0.886055502388421, 0.285034068572805, 0.716428671455493, 
0.922561699913143, 0.747509872145118, 0.0914525962656028, 0.665930104068903, 
0.521339418901893, 0.976610147336727, 0.760111190204281, 0.0699713320897224, 
0.447203873464535, 0.168123066221303, 0.789567852340256, 0.901297819273891, 
0.648944357340644, 0.283281626715762, 0.837755439198504, 0.449513447446418, 
0.963388373560171, 0.951076101856702, 0.967569029290813, 0.0924139390922234, 
0.326744410345395, 0.140348072650594, 0.758143974203316, 0.920587858264228, 
0.555289821240076, 0.416558174554007, 0.68071249777644, 0.848844046315627, 
0.0823425355774314, 0.42169077820353, 0.49154197085639, 0.0898917088095158, 
0.605389881611906, 0.320293390338463, 0.889742973717237, 0.586793886594544, 
0.903569676004357, 0.25278296222458, 0.486476529192278, 0.757331288460755, 
0.531669876926254, 0.693188832637907, 0.451592746720806, 0.522994366528366, 
0.704626037788119, 0.398759074442452, 0.378890901983682, 0.607459186364822, 
0.484334381401776, 0.760044363863244, 0.365269668300609, 0.494263359303457, 
0.65621670932967, 0.10117169618047, 0.404008386059052, 0.309810209815182, 
0.999932782823673, 0.94691410201384, 0.00754839417981508, 0.987898681694398, 
0.244763396151625, 0.393180116547103, 0.579246717215418, 0.244603225145967, 
0.412858799143872, 0.818666130195545, 0.765981843591282, 0.867977890798812, 
0.699124692053367, 0.882162023813296, 0.0375418737478414, 0.273968250632093, 
0.128130498116434, 0.796084141282009, 0.402182898881288, 0.137934367328187, 
0.672958695736087, 0.61776876860822, 0.779666284779367, 0.315840959788789, 
0.0534909260645439, 0.236188571502184, 0.161326902950275, 0.853726037916927, 
0.512556793719154, 0.838289854236727, 0.659235669111523, 0.781461997309669, 
0.985558495950118, 0.857431856799531, 0.359397226561691, 0.137535903931989, 
0.421352343874526, 0.901823906164826, 0.0690677560120795, 0.217036457204488, 
0.269223758700542, 0.145424191007361, 0.0925131678840632, 0.94089986450068, 
0.762577364830215, 0.727020364448207, 0.91736957011192, 0.95985847657297, 
0.751242207835407, 0.498607259254903, 0.779331642371533, 0.356813628364, 
0.984183103832475, 0.73931714238953, 0.139364142277659, 0.072901764364655, 
0.298374311030596, 0.823103118445793, 0.676038195060524, 0.556881959480759, 
0.962252829537192, 0.524354657111001, 0.818488555808596, 0.88041455372278, 
0.48613169344332, 0.138285256649019, 0.859535868382573, 0.702693445603662, 
0.483451237490849, 0.00815834897213683, 0.476385951247689, 0.0860763238673695, 
0.572693037577853, 0.539287823278623, 0.988631790726325, 0.0658183634521684, 
0.0183838612235462, 0.183924942865895, 0.367631560487165, 0.971214361942461, 
0.325541320102033, 0.397379945658531, 0.98907310265901, 0.595544595222341, 
0.509150960873569, 0.417667870331366, 0.673548729208671, 0.874888636254303, 
0.298478227005286, 0.11900188123199, 0.910777233719403, 0.35684450306701, 
0.182652555441241, 0.599570838654728, 0.868756223015892, 0.58050610916947, 
0.0695396103739273, 0.4071541345945, 0.154369412750441, 0.821417813839112, 
0.840430265025316, 0.838810729808161, 0.965599538190657, 0.394971843983004, 
0.704698215205765, 0.781530743376996, 0.929573281227095, 0.674971051144273, 
0.705375276966793, 0.358418726848895, 0.79003817743531, 0.651285704419839, 
0.67103729354772, 0.0490985185555672, 0.25481253598989, 0.254909961943661, 
0.383469817716091, 0.106442487590165, 0.717019911435393, 0.578293468385608, 
0.0560920482157656, 0.387307243938981, 0.791056658828858, 0.492081850934205, 
0.679685493234449, 0.15592260485159, 0.0203931044474353, 0.310433830794891, 
